18890
395
12609
50539
41532
34451
22983
38088
38245
37343
47772
54597
50249
64309
63652
21830
31818
1768
60420
56602
5224
16312
10010
43684
22053
46396
34895
38407
21689
47328
46827
40820
14146
164
60736
60841
48786
24082
46788
62531
17083
40485
48740
28380
43072
21521
37870
40093
22217
12638
34224
5451
37845
37302
39202
14203
10579
15524
4466
32153
58006
19255
16540
36613
61395
6027
65103
6686
33253
8404
43762
1463
6951
41938
11113
21111
59324
5614
36668
47462
34037
50403
52722
14971
40479
9707
9350
3759
43433
12891
30888
56134
28178
58478
55229
18875
12090
6726
45855
57183
62448
63159
7272
54149
1602
11273
43977
53580
2118
23615
18936
52459
59403
4393
10002
505
61827
27878
17016
39751
53671
3416
3362
39629
50197
11060
37603
11358
24881
31628
57079
21857
45014
2456
55417
51667
42948
8707
60155
53543
15069
35236
31165
30328
6112
58219
20565
34159
37647
11419
11543
64035
46383
10145
49012
56485
12552
1263
23081
62189
36838
29370
28087
7094
56
55404
7774
31988
58179
1343
57633
22249
8522
11069
41025
17414
58332
3296
4220
56231
9533
48127
26786
7389
26553
57597
54109
9470
20655
61837
43928
38338
6009
702
50407
42706
4176
31561
50914
18626
50411
7350
35659
31246
18562
60668
48698
7130
55538
2607
60758
14926
37775
28561
10651
1452
34707
676
16017
13248
54019
47192
56466
24498
40562
25106
29117
22090
45580
22656
35085
18695
20280
11022
37058
16687
55287
7926
50000
7973
19615
19421
28741
8373
37668
46837
6136
40004
60951
58358
13443
1426
46601
58824
22587
48437
54078
17319
42027
54298
14630
51880
56266
10971
44465
9163
21847
59263
62970
19385
15103
34216
27872
40899
30668
2962
30807
27519
61254
39865
1254
53285
24368
32215
29873
39506
23269
17534
28328
32984
63207
15588
60224
14263
62613
22279
19618
24958
63655
2898
24849
24473
46728
62038
54570
15229
5653
12739
57688
53191
31703
6498
16419
11505
17642
14772
43693
10813
43640
30376
64338
42078
1138
37171
34045
6414
25377
62824
21970
56574
49767
17823
48719
57603
29652
49397
10346
59359
31869
51728
46531
49213
29933
9401
15789
57937
23326
3088
44364
3699
52187
47566
57904
54852
18728
61372
21529
29839
51717
18767
4677
58769
31665
43646
7348
47569
49510
52419
12283
52579
29728
23021
64317
38074
46047
64
2391
33579
17954
41623
39250
42579
13667
3125
15361
43219
53830
6307
26248
18093
13415
59109
45294
55847
13641
45740
11650
4509
40765
12306
65441
24992
58207
36157
65293
13071
18505
29536
1571
46850
50684
54201
21974
19075
65080
61545
59341
18056
14836
47545
20108
23935
34978
16780
62060
25477
64235
3601
45464
47373
7363
31984
40578
62902
57452
5905
21687
53916
59698
46412
64639
25770
53296
5554
3095
12481
35520
4705
26199
33029
28754
960
64463
9424
38899
4929
14792
44923
62355
57147
39885
42541
62391
61126
46368
26054
53462
7020
10643
61661
17207
28899
52601
7676
22148
40581
37978
41145
46603
9633
64161
16646
53630
2223
10624
58163
19235
7421
33320
11541
28358
57316
26699
443
57364
5371
49239
26976
5646
41479
28010
63234
41910
24978
19199
19588
15056
44292
22466
63952
63547
31835
36700
55116
2209
25326
57705
59416
27694
49179
47500
18892
24288
61044
10470
17786
13565
30358
18770
1271
50935
37391
20497
4219
33014
2360
46357
40755
61381
31437
10028
2557
2542
55185
57707
44695
16376
42400
37901
10964
36082
61621
140
44985
49242
33922
50807
60295
11943
44766
41605
40016
63082
46825
37887
45709
24404
65283
23568
14615
18103
22353
34566
13719
33964
61499
28501
56978
7644
5599
17855
56000
35540
264
20233
33990
28181
38488
63289
11945
33092
33534
43435
9723
1732
19956
13800
21731
37737
22360
59345
8453
60008
27601
61483
61480
73
14689
44486
8135
3793
11519
20669
24639
12141
50647
65010
10978
58022
23408
27167
23457
42216
28842
3775
65467
35441
40268
59740
56098
24889
42162
50175
29264
1744
43108
34237
1599
11606
23365
261
41108
23692
25554
15435
20187
28212
37835
46581
307
26270
32764
42798
13185
24187
13752
40946
58368
12657
5001
59992
12152
63575
4481
12606
52859
40427
23030
49150
14401
27787
59264
64366
15127
37372
50921
10443
51276
48933
38361
17211
42562
11218
16230
9436
57079
1436
53452
6825
32855
17383
28805
41962
36401
52501
4883
31597
36840
2430
59726
35883
42559
25385
50726
24812
35878
44120
54229
20696
53396
5744
64669
52776
15160
54700
59343
4708
62120
1934
31477
374
11480
10656
30490
43970
581
52905
13679
54496
15757
10725
17161
24917
36034
3184
56297
28534
27451
39207
8044
8034
4873
63775
34500
63756
10244
61035
18069
22309
1144
10019
6733
63250
17568
32413
42984
37588
37616
64091
32829
22165
49060
49626
26790
51772
53922
51199
26935
60551
17262
33097
17670
23236
39022
11967
57959
25315
57495
51576
32210
18166
20965
63908
44449
7767
40762
13472
34066
2794
41533
52139
62627
42355
54622
32579
43645
58409
59347
58689
41569
30613
52573
24834
40644
58592
60926
36880
26482
3853
11024
21159
49890
35718
63314
8380
12557
65336
43798
16819
57093
57669
64671
2432
42026
48258
19349
12534
2762
21191
30015
11227
185
41360
43560
27908
18127
36923
15749
29353
43780
12809
26351
19077
34272
49844
14431
49504
31650
28864
43262
23475
43576
20019
6525
28749
57503
23590
29822
43401
18858
10493
23950
57616
52407
18778
24410
50298
57755
35347
54891
12709
27601
58158
21834
28578
33322
20967
22837
47036
38408
2053
34943
16601
56813
6571
3270
47423
1269
40536
24665
53018
6686
18123
36608
51759
24857
48447
13282
61456
45354
55677
42957
21324
22404
13158
57851
5338
14310
61035
35038
2077
2587
35882
58723
3400
56307
5347
43399
32355
22311
12255
22310
22549
14
44062
9788
44028
42757
8563
28163
44541
29002
29564
11144
52155
10528
10468
28115
42144
20095
23241
23696
3288
43924
61265
42529
7568
57708
26866
21877
31700
33564
44686
4952
46341
22347
16561
25120
50967
19245
39817
29250
35600
31965
25627
16977
56469
41062
8167
6607
37191
24619
55585
23560
57653
22950
19611
47949
65086
137
14945
3464
44514
11907
44152
15744
42841
912
37089
59542
53613
11247
49902
17246
51383
48150
35978
32964
4516
53808
